[gd_scene load_steps=11 format=2]

[ext_resource path="res://assets/models/Environment/Tree_1.obj" type="ArrayMesh" id=1]
[ext_resource path="res://assets/models/Environment/Fence.obj" type="ArrayMesh" id=2]
[ext_resource path="res://assets/models/Environment/Tree_2.obj" type="ArrayMesh" id=3]
[ext_resource path="res://assets/models/Environment/Ground.obj" type="ArrayMesh" id=4]
[ext_resource path="res://version 0.5/Player.tscn" type="PackedScene" id=5]
[ext_resource path="res://version 0.5/Enemy.tscn" type="PackedScene" id=6]
[ext_resource path="res://version 0.5/Pickup_Health.tscn" type="PackedScene" id=7]
[ext_resource path="res://version 0.5/Pickup_Ammo.tscn" type="PackedScene" id=8]
[ext_resource path="res://version 0.5/UI.tscn" type="PackedScene" id=9]

[sub_resource type="ConcavePolygonShape" id=1]
data = PoolVector3Array( 0, 0, 0, 3, 0.3, 0, 3, 0, 0, 3, 0.3, 0, 0, 0, 0, 0, 0.3, 0, 0, 0.3, -3, 3, 0.3, 0, 0, 0.3, 0, 3, 0.3, 0, 0, 0.3, -3, 3, 0.3, -3, 3, 0, -3, 3, 0.3, 0, 3, 0.3, -3, 3, 0.3, 0, 3, 0, -3, 3, 0, 0, 3, 0, -3, 0, 0, 0, 3, 0, 0, 0, 0, 0, 3, 0, -3, 0, 0, -3, 0, 0.3, -3, 0, 0, 0, 0, 0, -3, 0, 0, 0, 0, 0.3, -3, 0, 0.3, 0, 3, 0, -3, 0, 0.3, -3, 0, 0, -3, 0, 0.3, -3, 3, 0, -3, 3, 0.3, -3 )

[node name="MainScene" type="Spatial"]

[node name="CanvasLayer" type="CanvasLayer" parent="."]

[node name="UI" parent="CanvasLayer" instance=ExtResource( 9 )]

[node name="Models" type="Node" parent="."]

[node name="Ground" type="MeshInstance" parent="Models"]
transform = Transform( 5, -2.72119e-05, -0.000389167, 0.000136007, 1, -0.000668507, 0.000389186, 0.000133699, 5, 0, 0, 0 )
mesh = ExtResource( 4 )
skeleton = NodePath("../..")
material/0 = null
material/1 = null
material/2 = null

[node name="StaticBody" type="StaticBody" parent="Models/Ground"]

[node name="CollisionShape" type="CollisionShape" parent="Models/Ground/StaticBody"]
shape = SubResource( 1 )

[node name="Fence" type="MeshInstance" parent="Models"]
transform = Transform( 0.999949, 0.00857757, -0.00528188, -0.00852031, 0.999906, 0.0107701, 0.00537375, -0.0107245, 0.999928, 1.68422, 0.3, -0.3 )
mesh = ExtResource( 2 )
skeleton = NodePath("../Ground")
material/0 = null

[node name="Fence2" type="MeshInstance" parent="Models"]
transform = Transform( 0.999949, 0.00857757, -0.00528188, -0.00852031, 0.999906, 0.0107701, 0.00537375, -0.0107245, 0.999928, 4.68422, 0.27669, -0.3 )
mesh = ExtResource( 2 )
skeleton = NodePath("../Ground")
material/0 = null

[node name="Fence3" type="MeshInstance" parent="Models"]
transform = Transform( 0.999949, 0.00857757, -0.00528188, -0.00852031, 0.999906, 0.0107701, 0.00537375, -0.0107245, 0.999928, 7.68422, 0.251569, -0.3 )
mesh = ExtResource( 2 )
skeleton = NodePath("../Ground")
material/0 = null

[node name="Fence4" type="MeshInstance" parent="Models"]
transform = Transform( 0.999949, 0.00857757, -0.00528188, -0.00852031, 0.999906, 0.0107701, 0.00537375, -0.0107245, 0.999928, 10.6842, 0.221429, -0.3 )
mesh = ExtResource( 2 )
skeleton = NodePath("../Ground")
material/0 = null

[node name="Fence5" type="MeshInstance" parent="Models"]
transform = Transform( -0.00537378, 0.0107245, -0.999928, -0.00852031, 0.999906, 0.0107701, 0.999949, 0.00857757, -0.00528191, 0.773166, 0.321044, -13.1952 )
mesh = ExtResource( 2 )
skeleton = NodePath("../Ground")
material/0 = null

[node name="Fence6" type="MeshInstance" parent="Models"]
transform = Transform( -0.00537378, 0.0107245, -0.999928, -0.00852031, 0.999906, 0.0107701, 0.999949, 0.00857757, -0.00528191, 0.773167, 0.3, -10.1952 )
mesh = ExtResource( 2 )
skeleton = NodePath("../Ground")
material/0 = null

[node name="Fence7" type="MeshInstance" parent="Models"]
transform = Transform( -0.00537378, 0.0107245, -0.999928, -0.00852031, 0.999906, 0.0107701, 0.999949, 0.00857757, -0.00528191, 0.773166, 0.273011, -7.19521 )
mesh = ExtResource( 2 )
skeleton = NodePath("../Ground")
material/0 = null

[node name="Fence8" type="MeshInstance" parent="Models"]
transform = Transform( -0.00537378, 0.0107245, -0.999928, -0.00852031, 0.999906, 0.0107701, 0.999949, 0.00857757, -0.00528191, 0.773167, 0.250632, -4.19521 )
mesh = ExtResource( 2 )
skeleton = NodePath("../Ground")
material/0 = null

[node name="Fence9" type="MeshInstance" parent="Models"]
transform = Transform( -0.00537378, 0.0107245, -0.999928, -0.00852031, 0.999906, 0.0107701, 0.999949, 0.00857757, -0.00528191, 14.1754, 0.372178, -13.1952 )
mesh = ExtResource( 2 )
skeleton = NodePath("../Ground")
material/0 = null

[node name="Fence10" type="MeshInstance" parent="Models"]
transform = Transform( -0.00537378, 0.0107245, -0.999928, -0.00852031, 0.999906, 0.0107701, 0.999949, 0.00857757, -0.00528191, 14.1754, 0.35017, -10.1952 )
mesh = ExtResource( 2 )
skeleton = NodePath("../Ground")
material/0 = null

[node name="Fence11" type="MeshInstance" parent="Models"]
transform = Transform( -0.00537378, 0.0107245, -0.999928, -0.00852031, 0.999906, 0.0107701, 0.999949, 0.00857757, -0.00528191, 14.1754, 0.322516, -7.19521 )
mesh = ExtResource( 2 )
skeleton = NodePath("../Ground")
material/0 = null

[node name="Fence12" type="MeshInstance" parent="Models"]
transform = Transform( -0.00537378, 0.0107245, -0.999928, -0.00852031, 0.999906, 0.0107701, 0.999949, 0.00857757, -0.00528191, 14.1754, 0.3, -4.19521 )
mesh = ExtResource( 2 )
skeleton = NodePath("../Ground")
material/0 = null

[node name="Fence13" type="MeshInstance" parent="Models"]
transform = Transform( -0.999934, -0.00843646, -0.00780717, -0.00852031, 0.999906, 0.0107701, 0.00771559, 0.0108359, -0.999911, 13.3876, 0.32985, -14.3955 )
mesh = ExtResource( 2 )
skeleton = NodePath("../Ground")
material/0 = null

[node name="Fence14" type="MeshInstance" parent="Models"]
transform = Transform( -0.999934, -0.00843646, -0.00780717, -0.00852031, 0.999906, 0.0107701, 0.00771559, 0.0108359, -0.999911, 10.3879, 0.3, -14.3562 )
mesh = ExtResource( 2 )
skeleton = NodePath("../Ground")
material/0 = null

[node name="Fence15" type="MeshInstance" parent="Models"]
transform = Transform( -0.999934, -0.00843646, -0.00780717, -0.00852031, 0.999906, 0.0107701, 0.00771559, 0.0108359, -0.999911, 7.38812, 0.270696, -14.317 )
mesh = ExtResource( 2 )
skeleton = NodePath("../Ground")
material/0 = null

[node name="Fence16" type="MeshInstance" parent="Models"]
transform = Transform( -0.999934, -0.00843646, -0.00780717, -0.00852031, 0.999906, 0.0107701, 0.00771559, 0.0108359, -0.999911, 4.38838, 0.241189, -14.2777 )
mesh = ExtResource( 2 )
skeleton = NodePath("../Ground")
material/0 = null

[node name="Tree_1" type="MeshInstance" parent="Models"]
transform = Transform( 1, 0, 0, 0, 1, 0, 0, 0, 1, 6.98124, 0.301379, -6.31377 )
mesh = ExtResource( 1 )
material/0 = null
material/1 = null
material/2 = null
material/3 = null
material/4 = null
material/5 = null
material/6 = null
material/7 = null
material/8 = null
material/9 = null
material/10 = null
material/11 = null
material/12 = null

[node name="Tree_2" type="MeshInstance" parent="Models"]
transform = Transform( 1, 0, 0, 0, 1, 0, 0, 0, 1, 11.3923, 0.30036, -0.381564 )
mesh = ExtResource( 3 )
material/0 = null
material/1 = null
material/2 = null
material/3 = null
material/4 = null
material/5 = null
material/6 = null
material/7 = null
material/8 = null
material/9 = null
material/10 = null
material/11 = null
material/12 = null
material/13 = null
material/14 = null
material/15 = null
material/16 = null
material/17 = null
material/18 = null
material/19 = null
material/20 = null
material/21 = null
material/22 = null
material/23 = null
material/24 = null
material/25 = null
material/26 = null
material/27 = null
material/28 = null
material/29 = null
material/30 = null
material/31 = null
material/32 = null
material/33 = null
material/34 = null
material/35 = null
material/36 = null
material/37 = null
material/38 = null
material/39 = null
material/40 = null
material/41 = null

[node name="Tree_3" type="MeshInstance" parent="Models"]
transform = Transform( 1, 0, 0, 0, 1, 0, 0, 0, 1, 1.65646, 0.300231, -1.385 )
mesh = ExtResource( 1 )
material/0 = null
material/1 = null
material/2 = null
material/3 = null
material/4 = null
material/5 = null
material/6 = null
material/7 = null
material/8 = null
material/9 = null
material/10 = null
material/11 = null
material/12 = null

[node name="Tree_4" type="MeshInstance" parent="Models"]
transform = Transform( 1, 0, 0, 0, 1, 0, 0, 0, 1, 11.5896, 0.301861, -11.5559 )
mesh = ExtResource( 3 )
material/0 = null
material/1 = null
material/2 = null
material/3 = null
material/4 = null
material/5 = null
material/6 = null
material/7 = null
material/8 = null
material/9 = null
material/10 = null
material/11 = null
material/12 = null
material/13 = null
material/14 = null
material/15 = null
material/16 = null
material/17 = null
material/18 = null
material/19 = null
material/20 = null
material/21 = null
material/22 = null
material/23 = null
material/24 = null
material/25 = null
material/26 = null
material/27 = null
material/28 = null
material/29 = null
material/30 = null
material/31 = null
material/32 = null
material/33 = null
material/34 = null
material/35 = null
material/36 = null
material/37 = null
material/38 = null
material/39 = null
material/40 = null
material/41 = null

[node name="DirectionalLight" type="DirectionalLight" parent="."]
transform = Transform( 0.707107, -0.612372, 0.353553, 0, 0.5, 0.866025, -0.707107, -0.612372, 0.353553, 8.68282, 9.79653, -6.29405 )
shadow_enabled = true

[node name="Player" parent="." instance=ExtResource( 5 )]
transform = Transform( 1, 0, 0, 0, 1, 0, 0, 0, 1, 7.23676, 0.4, -4.66199 )
_ui = NodePath("../CanvasLayer/UI")

[node name="Enemy" parent="." instance=ExtResource( 6 )]
transform = Transform( 1, 0, 0, 0, 1, 0, 0, 0, 1, 5.98039, 0.3, -9.38511 )
_player = NodePath("../Player")

[node name="Enemy2" parent="." instance=ExtResource( 6 )]
transform = Transform( 1, 0, 0, 0, 1, 0, 0, 0, 1, 4.31908, 0.30158, -10.9394 )
_player = NodePath("../Player")
_timer = NodePath("../Enemy/Timer")

[node name="Enemy3" parent="." instance=ExtResource( 6 )]
transform = Transform( 1, 0, 0, 0, 1, 0, 0, 0, 1, 3.43764, 0.301011, -6.85754 )
_player = NodePath("../Player")
_timer = NodePath("../Enemy2/Timer")

[node name="Pickup_Health" parent="." instance=ExtResource( 7 )]
transform = Transform( 1, 0, 0, 0, 1, 0, 0, 0, 1, 12.5972, 0.301286, -7.04971 )

[node name="Pickup_Health2" parent="." instance=ExtResource( 7 )]
transform = Transform( 1, 0, 0, 0, 1, 0, 0, 0, 1, 12.8622, 0.301517, -8.72569 )

[node name="Pickup_Ammo" parent="." instance=ExtResource( 8 )]
transform = Transform( 1, 0, 0, 0, 1, 0, 0, 0, 1, 9.2845, 0.301951, -12.7039 )

[node name="Pickup_Ammo2" parent="." instance=ExtResource( 8 )]
transform = Transform( 1, 0, 0, 0, 1, 0, 0, 0, 1, 7.01546, 0.301864, -12.5087 )
